1.000000000000000000e+00 2.209884165734707015e-02 2.134598556369426969e-02 1.095680450470723315e-02
1.500000000000000000e+00 4.971998983148390172e-02 4.802606496647789797e-02 2.465167125689230951e-02
2.500000000000000000e+00 1.380977285889304906e-01 1.333923892302242287e-01 6.847053780405221168e-02
3.500000000000000000e+00 2.706453755083997326e-01 2.614229250751357037e-01 1.341898543692868206e-01
7.000000000000000000e+00 1.082215145123880395e+00 1.045325550344734733e+00 5.365858464491679580e-01
1.037500000000000000e+01 2.376577497489964497e+00 2.295540815944173474e+00 1.178375996570891981e+00
1.112500000000000000e+01 2.732400184092165230e+00 2.639223993992636519e+00 1.354807564205515957e+00
1.187500000000000000e+01 3.113006297717150428e+00 3.006843680505953298e+00 1.543528689946897181e+00
1.262500000000000000e+01 3.518390437935207782e+00 3.398394478227318327e+00 1.744536814905551569e+00
1.675000000000000000e+01 6.190669157399944389e+00 5.979451344192511009e+00 3.069597286308234807e+00
2.425000000000000000e+01 1.296630836312367840e+01 1.252359869116490465e+01 6.429454858635551773e+00
3.175000000000000000e+01 2.221084829741284139e+01 2.145196061619069638e+01 1.101379396127557442e+01
3.925000000000000000e+01 3.391890118391359721e+01 3.275915273591417787e+01 1.682006114795612461e+01
4.975000000000000000e+01 5.443863070444273689e+01 5.257541682011942186e+01 2.699681781069688924e+01
6.325000000000000000e+01 8.787682447974090394e+01 8.486529477531755106e+01 4.358177499746629024e+01
7.675000000000000000e+01 1.292236903279693649e+02 1.247895224408889732e+02 6.409112091352911023e+01
9.025000000000000000e+01 1.784479945717815497e+02 1.723168891944929157e+02 8.851004466325539966e+01
1.063750000000000000e+02 2.618146007738198477e+02 2.536074598960773869e+02 1.274501800998984464e+02
1.251250000000000000e+02 4.196050333116031652e+02 4.095076740359084511e+02 1.949994554825391333e+02
1.438750000000000000e+02 6.323512290380971308e+02 6.203318958603866804e+02 2.844083833613300385e+02
1.626250000000000000e+02 9.604805196426988232e+02 9.384150232550242663e+02 4.496653352719645227e+02
1.896250000000000000e+02 1.603327615671408239e+03 1.560197572726189946e+03 7.796090012618835772e+02
2.248750000000000000e+02 2.803684481348772806e+03 2.719284013353235878e+03 1.404286725817431034e+03
2.601250000000000000e+02 4.508432104666196210e+03 4.365348789834951276e+03 2.291985373935778625e+03
2.953750000000000000e+02 6.782468421463720006e+03 6.559119909284976529e+03 3.484157345362446904e+03
3.403750000000000000e+02 1.063714179116184278e+04 1.027471162012864988e+04 5.516435182724291735e+03
3.951250000000000000e+02 1.799295708437342546e+04 1.731582321495048745e+04 9.573825907809099590e+03
4.498750000000000000e+02 2.841101147052351371e+04 2.725770873852843215e+04 1.542515962155339548e+04
5.046250000000000000e+02 4.208308287223928346e+04 4.028609693139901356e+04 2.316185402367496863e+04
6.445000000000000000e+02 9.089780711775626696e+04 8.675356915374286473e+04 5.086506018110948935e+04
8.350000000000000000e+02 1.985321787488070258e+05 1.890271306867100357e+05 1.122769642889908428e+05
1.043500000000000000e+03 3.126927129891069490e+05 2.974346355348797515e+05 1.769547745656460174e+05
1.337500000000000000e+03 4.997407657038348843e+05 4.747921330386127229e+05 2.827005378307559295e+05
1.679500000000000000e+03 7.629399240295869531e+05 7.238279578994243639e+05 4.313826354047652567e+05
1.929000000000000000e+03 9.828746907122127013e+05 9.315055123226625146e+05 5.555243194141567219e+05
2.000000000000000000e+03 1.049431183872937225e+06 9.942816661799820140e+05 5.930740580383543856e+05
