1.063750000000000000e+02 2.618146007738198477e+02 2.536074598960773301e+02 1.274501800998984464e+02
1.251250000000000000e+02 4.196050333116031652e+02 4.095076740359082805e+02 1.949994554825390480e+02
1.438750000000000000e+02 6.323512290380970171e+02 6.203318958603865667e+02 2.844083833613299817e+02
1.626250000000000000e+02 9.604805196426987095e+02 9.384150232550242663e+02 4.496653352719645227e+02
1.896250000000000000e+02 1.603327615671408239e+03 1.560197572726189719e+03 7.796090012618835772e+02
2.248750000000000000e+02 2.803684481348772806e+03 2.719284013353235878e+03 1.404286725817431034e+03
2.601250000000000000e+02 4.508432104666196210e+03 4.365348789834949457e+03 2.291985373935778625e+03
2.953750000000000000e+02 6.782468421463720006e+03 6.559119909284976529e+03 3.484157345362446904e+03
3.403750000000000000e+02 1.063714179116184278e+04 1.027471162012864988e+04 5.516435182724291735e+03
3.951250000000000000e+02 1.799295708437342546e+04 1.731582321495048745e+04 9.573825907809099590e+03
4.498750000000000000e+02 2.841101147052350643e+04 2.725770873852843215e+04 1.542515962155339548e+04
5.046250000000000000e+02 4.208308287223928346e+04 4.028609693139899900e+04 2.316185402367496863e+04
6.445000000000000000e+02 9.089780711775626696e+04 8.675356915374286473e+04 5.086506018110948935e+04
8.350000000000000000e+02 1.985321787488070258e+05 1.890271306867100357e+05 1.122769642889908428e+05
