1.000000000000000000e+00 2.209884165734707015e-02 2.134598556369426969e-02 1.504292923016172998e-02
1.500000000000000000e+00 4.971998983148390172e-02 4.802606496647789797e-02 3.384494363476784479e-02
2.500000000000000000e+00 1.380977285889304906e-01 1.333923892302242287e-01 9.400458205237020859e-02
3.500000000000000000e+00 2.706453755083997326e-01 2.614229250751357037e-01 1.842310475365332989e-01
7.000000000000000000e+00 1.082215145123880395e+00 1.045325550344734733e+00 7.366731630773671879e-01
1.037500000000000000e+01 2.376577497489964497e+00 2.295540815944173474e+00 1.617753269054834409e+00
1.112500000000000000e+01 2.732400184092165230e+00 2.639223993992636519e+00 1.859963420414372903e+00
1.187500000000000000e+01 3.113006297717150428e+00 3.006843680505953298e+00 2.119043578754092216e+00
1.262500000000000000e+01 3.518390437935207782e+00 3.398394478227318327e+00 2.394990043579829919e+00
1.675000000000000000e+01 6.190669157399944389e+00 5.979451344192511009e+00 4.214015499107850005e+00
2.425000000000000000e+01 1.296630836312367840e+01 1.252359869116490465e+01 8.826180174675000600e+00
3.175000000000000000e+01 2.221084829741284139e+01 2.145196061619069638e+01 1.511887553089293057e+01
3.925000000000000000e+01 3.391890118391359721e+01 3.275915273591417787e+01 2.308840950229123834e+01
4.975000000000000000e+01 5.443863070444273689e+01 5.257541682011942186e+01 3.705582426714502731e+01
6.325000000000000000e+01 8.787682447974090394e+01 8.486529477531755106e+01 5.981633769586955651e+01
7.675000000000000000e+01 1.292236903279693649e+02 1.247895224408889732e+02 8.795970447745895626e+01
9.025000000000000000e+01 1.784479945717815497e+02 1.723168891944929157e+02 1.214645176072165924e+02
1.063750000000000000e+02 2.618146007738198477e+02 2.536074598960773869e+02 1.784151992291917281e+02
1.251250000000000000e+02 4.196050333116031652e+02 4.095076740359084511e+02 2.867368013843762355e+02
1.438750000000000000e+02 6.323512290380971308e+02 6.203318958603866804e+02 4.332257139628442815e+02
1.626250000000000000e+02 9.604805196426988232e+02 9.384150232550242663e+02 6.644587923250750237e+02
1.896250000000000000e+02 1.603327615671408239e+03 1.560197572726189946e+03 1.119685757689892171e+03
2.248750000000000000e+02 2.803684481348772806e+03 2.719284013353235878e+03 1.972585414589483662e+03
2.601250000000000000e+02 4.508432104666196210e+03 4.365348789834951276e+03 3.183208473762332687e+03
2.953750000000000000e+02 6.782468421463720006e+03 6.559119909284976529e+03 4.800597923046781943e+03
3.403750000000000000e+02 1.063714179116184278e+04 1.027471162012864988e+04 7.545604270099453061e+03
3.951250000000000000e+02 1.799295708437342546e+04 1.731582321495048745e+04 1.280656335745762590e+04
4.498750000000000000e+02 2.841101147052351371e+04 2.725770873852843215e+04 2.027097934312556026e+04
5.046250000000000000e+02 4.208308287223928346e+04 4.028609693139901356e+04 3.007400085116351693e+04
6.445000000000000000e+02 9.089780711775626696e+04 8.675356915374286473e+04 6.506608444742201391e+04
8.350000000000000000e+02 1.985321787488070258e+05 1.890271306867100357e+05 1.422039589734493056e+05
1.043500000000000000e+03 3.126927129891069490e+05 2.974346355348797515e+05 2.238163808811853814e+05
1.337500000000000000e+03 4.997407657038348843e+05 4.747921330386127229e+05 3.572751560346274637e+05
1.679500000000000000e+03 7.629399240295869531e+05 7.238279578994243639e+05 5.446615133630088530e+05
1.929000000000000000e+03 9.828746907122127013e+05 9.315055123226625146e+05 7.009161007552819792e+05
2.000000000000000000e+03 1.049431183872937225e+06 9.942816661799820140e+05 7.481457118816701695e+05
