1.063750000000000000e+02 2.618146007738198477e+02 2.536074598960773301e+02 1.474775967539288217e+02
1.251250000000000000e+02 4.196050333116031652e+02 4.095076740359082805e+02 2.313711007144617611e+02
1.438750000000000000e+02 6.323512290380970171e+02 6.203318958603865667e+02 3.437614202272489479e+02
1.626250000000000000e+02 9.604805196426987095e+02 9.384150232550242663e+02 5.363440452740389901e+02
1.896250000000000000e+02 1.603327615671408239e+03 1.560197572726189719e+03 9.185908570620820228e+02
2.248750000000000000e+02 2.803684481348772806e+03 2.719284013353235878e+03 1.639149545677211563e+03
2.601250000000000000e+02 4.508432104666196210e+03 4.365348789834949457e+03 2.662605621422344029e+03
2.953750000000000000e+02 6.782468421463720006e+03 6.559119909284976529e+03 4.034122445179483748e+03
3.403750000000000000e+02 1.063714179116184278e+04 1.027471162012864988e+04 6.367851163307987918e+03
3.951250000000000000e+02 1.799295708437342546e+04 1.731582321495048745e+04 1.094111241656523998e+04
4.498750000000000000e+02 2.841101147052350643e+04 2.725770873852843215e+04 1.748860774074749861e+04
5.046250000000000000e+02 4.208308287223928346e+04 4.028609693139899900e+04 2.612012292468843953e+04
6.445000000000000000e+02 9.089780711775626696e+04 8.675356915374286473e+04 5.698415528246858594e+04
8.350000000000000000e+02 1.985321787488070258e+05 1.890271306867100357e+05 1.252341626775968616e+05
